0 0.257069 0.491517 0.164524 0.161440
0 0.409769 0.707969 0.095630 0.053470
0 0.318252 0.230334 0.110026 0.122365
0 0.472494 0.348586 0.052442 0.027763
0 0.326478 0.063753 0.101799 0.091517
0 0.178149 0.748843 0.106427 0.056041
0 0.248329 0.707198 0.095630 0.114653
0 0.168895 0.543959 0.091003 0.066838
0 0.357069 0.473008 0.122879 0.138817
0 0.081491 0.376093 0.038560 0.142416
0 0.125707 0.292545 0.071465 0.045244
0 0.224936 0.277121 0.108483 0.114139
0 0.239332 0.168380 0.024165 0.079692
0 0.601799 0.052442 0.062211 0.038046
0 0.825707 0.848586 0.030848 0.025193
