0 0.721386 0.724900 0.074548 0.101071
0 0.719880 0.610107 0.015437 0.009371
0 0.301111 0.574632 0.067206 0.064926
0 0.367846 0.881526 0.078313 0.085676
0 0.098927 0.896084 0.018261 0.029116
0 0.726468 0.340696 0.070783 0.054217
0 0.724962 0.285977 0.036898 0.030455
0 0.782474 0.299531 0.013742 0.015395
0 0.770331 0.268909 0.041792 0.065930
0 0.625753 0.308902 0.006777 0.008032
0 0.610599 0.298695 0.016002 0.028447
0 0.204349 0.373996 0.008471 0.012383
0 0.750847 0.457999 0.025414 0.025100
0 0.758942 0.768407 0.006965 0.009371
0 0.629989 0.721051 0.013742 0.011714
0 0.586220 0.535141 0.018449 0.016064
0 0.630930 0.564592 0.024661 0.022758
0 0.551017 0.719210 0.031250 0.082329
0 0.637613 0.857430 0.020708 0.027443
0 0.476751 0.855924 0.048381 0.081325
0 0.038874 0.859940 0.021649 0.040495
0 0.139872 0.764224 0.023343 0.031794
0 0.172252 0.727410 0.019578 0.013722
0 0.240305 0.831827 0.017508 0.030455
0 0.136954 0.955991 0.051770 0.040495
0 0.014778 0.568942 0.020896 0.024766
0 0.176299 0.500000 0.009601 0.014056
0 0.180064 0.537818 0.017884 0.022088
0 0.534639 0.449799 0.038404 0.020750
