0 0.686370 0.572289 0.109940 0.128514
0 0.557229 0.340361 0.047063 0.109103
0 0.498400 0.410475 0.075489 0.103414
0 0.456890 0.265395 0.059111 0.105756
0 0.508283 0.284973 0.058358 0.090696
0 0.354198 0.395750 0.050640 0.076640
0 0.333678 0.524431 0.037086 0.101071
0 0.424040 0.508367 0.033321 0.058902
0 0.591867 0.773092 0.121235 0.240964
0 0.495858 0.719210 0.028614 0.076305
0 0.555911 0.522925 0.042169 0.070616
0 0.523814 0.486111 0.025414 0.030455
0 0.480892 0.334672 0.043863 0.042169
0 0.509224 0.485274 0.027108 0.044846
0 0.389401 0.434906 0.018261 0.047858
0 0.420181 0.599732 0.018449 0.077644
0 0.274944 0.571787 0.022402 0.031794
