0 0.273354 0.858959 0.059724 0.056662
0 0.840735 0.744717 0.066769 0.054211
0 0.652680 0.708423 0.069219 0.041654
0 0.744717 0.773507 0.043798 0.049311
0 0.982389 0.833538 0.032772 0.049923
0 0.987749 0.761409 0.022665 0.065544
0 0.900459 0.633691 0.024502 0.027565
0 0.213936 0.500153 0.114242 0.091271
0 0.376417 0.471975 0.030015 0.018989
0 0.292190 0.594793 0.233997 0.164165
0 0.653905 0.484533 0.053292 0.051455
0 0.474732 0.571516 0.093109 0.091884
0 0.745789 0.512711 0.069219 0.064931
0 0.834609 0.509035 0.092496 0.078407
