0 0.236724 0.209065 0.127859 0.050633
0 0.112132 0.376072 0.054330 0.090649
0 0.036560 0.321560 0.073121 0.065741
0 0.151552 0.498571 0.114379 0.036750
0 0.199346 0.517967 0.102124 0.037975
0 0.017770 0.616374 0.035539 0.123724
0 0.097835 0.812168 0.061683 0.104532
0 0.238766 0.845039 0.171977 0.049408
0 0.180147 0.964475 0.093954 0.043283
0 0.748366 0.862393 0.040850 0.093916
0 0.750817 0.750715 0.061275 0.086974
0 0.664624 0.775010 0.107843 0.062066
0 0.681168 0.679665 0.100082 0.068191
0 0.605801 0.623520 0.034314 0.112699
0 0.656863 0.507758 0.088235 0.107391
0 0.594975 0.252144 0.069036 0.127807
0 0.447304 0.444059 0.040033 0.095141
0 0.943832 0.331564 0.110703 0.071866
0 0.976103 0.176603 0.046160 0.083708
0 0.974265 0.612291 0.050654 0.088608
0 0.339461 0.345651 0.029412 0.065741
0 0.412582 0.385463 0.111111 0.044916
0 0.373366 0.437321 0.059641 0.058800
0 0.635621 0.585953 0.033497 0.108616
0 0.762459 0.062474 0.131944 0.117599
0 0.685458 0.326460 0.147876 0.232340
