0 0.523636 0.601818 0.360331 0.133223
0 0.380165 0.175041 0.172562 0.081653
0 0.056198 0.382314 0.086612 0.090909
0 0.866612 0.622479 0.118678 0.069421
0 0.639835 0.838843 0.123967 0.109421
0 0.257190 0.836364 0.056860 0.073388
0 0.719174 0.437355 0.049256 0.047603
0 0.738678 0.385124 0.088264 0.047603
0 0.678017 0.409587 0.076033 0.060165
0 0.279669 0.218182 0.038347 0.060826
0 0.223967 0.953058 0.034711 0.054215
0 0.977521 0.798678 0.041653 0.051570
0 0.756694 0.148595 0.058182 0.028760
0 0.203471 0.402975 0.042645 0.111074
