0 0.640992 0.477355 0.347107 0.310083
0 0.091074 0.723140 0.182149 0.188099
0 0.043636 0.087438 0.082645 0.131240
0 0.169256 0.095041 0.056860 0.037355
0 0.040165 0.527438 0.077686 0.133223
0 0.869256 0.409256 0.037355 0.033058
0 0.658347 0.961157 0.026777 0.034050
0 0.814380 0.295041 0.177521 0.168264
0 0.866612 0.665289 0.263471 0.188099
0 0.809256 0.126612 0.380165 0.253223
0 0.304132 0.031570 0.376198 0.061157
0 0.153388 0.591074 0.033719 0.070744
0 0.378843 0.922810 0.059504 0.100165
0 0.647934 0.799339 0.098512 0.138182
0 0.725950 0.708430 0.081983 0.103802
