0 0.483306 0.799174 0.209587 0.116694
0 0.728264 0.979008 0.031074 0.040661
0 0.766446 0.973388 0.046612 0.031405
0 0.199669 0.718678 0.037686 0.048926
0 0.100496 0.724463 0.091240 0.012893
0 0.158678 0.658347 0.017851 0.034711
0 0.048760 0.685289 0.038017 0.009256
0 0.206777 0.626116 0.028099 0.014545
0 0.313554 0.522314 0.035372 0.009256
0 0.252066 0.279669 0.025455 0.015207
0 0.155372 0.265785 0.076033 0.027107
0 0.203967 0.262645 0.029752 0.010248
0 0.240331 0.250248 0.035702 0.017190
0 0.409256 0.272893 0.047603 0.016860
0 0.429587 0.257686 0.014215 0.008264
0 0.456694 0.248760 0.018843 0.008926
0 0.556694 0.256364 0.050248 0.020826
0 0.568264 0.241653 0.052893 0.021157
0 0.613058 0.253058 0.047273 0.018843
0 0.598512 0.388099 0.042645 0.009256
0 0.488099 0.522479 0.045950 0.011570
0 0.331736 0.740000 0.024132 0.014876
0 0.306281 0.780826 0.033388 0.033719
