0 0.459669 0.597851 0.285289 0.262149
0 0.680331 0.629917 0.076033 0.080331
0 0.713719 0.768595 0.279669 0.179835
0 0.151405 0.570413 0.125620 0.084959
0 0.781488 0.099339 0.109752 0.035372
0 0.173719 0.229587 0.094215 0.068430
0 0.076033 0.268926 0.098512 0.036033
0 0.083802 0.301322 0.098182 0.041983
0 0.607934 0.594876 0.072066 0.058512
0 0.984628 0.714380 0.029421 0.028430
0 0.795537 0.591074 0.019504 0.015207
0 0.114050 0.813884 0.228099 0.134876
0 0.037851 0.892231 0.074380 0.213554
0 0.326942 0.936694 0.097851 0.028099
0 0.413058 0.893058 0.105455 0.049917
0 0.548926 0.823140 0.086281 0.039669
0 0.352066 0.797521 0.106446 0.065785
0 0.420826 0.834380 0.019174 0.012562
0 0.402314 0.848430 0.015207 0.018843
0 0.256033 0.778017 0.055868 0.055868
0 0.959174 0.869091 0.030744 0.040992
0 0.982975 0.976198 0.032727 0.046281
