0 0.681920 0.924746 0.143601 0.126209
0 0.293031 0.925614 0.107391 0.085792
0 0.355407 0.957848 0.063492 0.039673
0 0.987847 0.819613 0.023313 0.033474
0 0.972098 0.718448 0.050347 0.032978
0 0.973586 0.688321 0.027530 0.027275
0 0.852431 0.703199 0.036210 0.020828
0 0.818204 0.695760 0.031746 0.025291
0 0.625620 0.605877 0.055804 0.055294
0 0.747396 0.662162 0.131696 0.095462
0 0.755084 0.608356 0.065724 0.041408
0 0.797247 0.615671 0.021081 0.012894
0 0.817708 0.626705 0.032242 0.029507
0 0.871404 0.630300 0.033482 0.010910
0 0.852679 0.607488 0.032242 0.024795
0 0.881696 0.598686 0.003968 0.011158
0 0.903150 0.608480 0.014137 0.012398
0 0.961930 0.565212 0.028522 0.016613
0 0.872892 0.508182 0.025050 0.016117
0 0.818700 0.573890 0.020833 0.015125
0 0.872024 0.604017 0.014881 0.006943
0 0.821801 0.549839 0.026538 0.031490
0 0.537698 0.548971 0.016369 0.015869
0 0.491319 0.569923 0.014881 0.008678
0 0.892609 0.569551 0.111111 0.048599
0 0.543279 0.453880 0.020089 0.009670
0 0.104663 0.958344 0.068948 0.030250
0 0.234127 0.922018 0.049603 0.051327
0 0.484499 0.793702 0.063740 0.069427
0 0.534226 0.831639 0.027282 0.017853
