0 0.246017 0.491013 0.050245 0.076797
0 0.445159 0.841299 0.030637 0.069036
0 0.402114 0.596201 0.058517 0.067402
0 0.506893 0.592116 0.032782 0.079657
0 0.557598 0.486928 0.025735 0.078431
0 0.653799 0.449959 0.022059 0.074755
0 0.668658 0.541462 0.021140 0.082108
0 0.696538 0.589461 0.029718 0.077614
0 0.709712 0.513480 0.043199 0.077614
0 0.727941 0.581291 0.051471 0.065359
0 0.533395 0.487949 0.042279 0.079657
0 0.507506 0.558007 0.046875 0.061275
0 0.542892 0.589052 0.051471 0.061275
0 0.606618 0.581291 0.070466 0.090686
0 0.597733 0.490809 0.053922 0.035539
0 0.594210 0.519608 0.035233 0.035948
