0 0.290645 0.535116 0.361520 0.302572
0 0.543096 0.669661 0.060049 0.048183
0 0.397876 0.831972 0.144608 0.073091
0 0.728554 0.802164 0.342729 0.160474
0 0.260825 0.901388 0.113154 0.104124
0 0.032884 0.888322 0.047794 0.030625
0 0.168709 0.169661 0.041667 0.028991
0 0.110907 0.098408 0.054330 0.033483
0 0.431168 0.126582 0.028186 0.029400
0 0.483660 0.145978 0.033497 0.027358
0 0.576185 0.211923 0.025735 0.029400
0 0.541258 0.492242 0.017974 0.042058
0 0.562908 0.475500 0.026961 0.044508
0 0.586601 0.578399 0.149510 0.137607
0 0.606413 0.947530 0.046977 0.035525
0 0.764706 0.985096 0.028595 0.028175
0 0.893382 0.689057 0.029412 0.040425
0 0.940359 0.660065 0.052288 0.036341
0 0.867851 0.567579 0.061683 0.053900
0 0.803922 0.656186 0.028595 0.035933
0 0.747549 0.377501 0.086601 0.088608
0 0.686479 0.338710 0.079657 0.060024
0 0.339052 0.367497 0.063725 0.060433
0 0.478350 0.282973 0.149510 0.183748
0 0.959559 0.482646 0.052288 0.052266
0 0.791258 0.159861 0.038399 0.027358
0 0.973243 0.120457 0.029003 0.025316
0 0.988766 0.112087 0.020833 0.042875
0 0.920139 0.719886 0.049428 0.050633
