0 0.424887 0.439090 0.058358 0.194779
0 0.540569 0.522256 0.049887 0.109438
0 0.501412 0.523260 0.032191 0.111446
0 0.469503 0.629351 0.064383 0.116131
0 0.427334 0.676037 0.011295 0.020750
0 0.566924 0.735609 0.008471 0.027443
0 0.506589 0.712015 0.005271 0.026439
0 0.203313 0.896586 0.007530 0.019411
0 0.221856 0.901272 0.005459 0.019411
0 0.364364 0.862952 0.003577 0.023092
0 0.573889 0.928213 0.007342 0.026439
0 0.615870 0.965696 0.007342 0.029786
0 0.677617 0.896084 0.011107 0.023762
0 0.848833 0.887885 0.017696 0.030120
0 0.851751 0.850067 0.012989 0.036145
0 0.858057 0.725402 0.016190 0.039157
0 0.923287 0.711345 0.021649 0.031124
0 0.617188 0.657631 0.011107 0.024096
0 0.667639 0.749833 0.009224 0.032463
0 0.673475 0.720716 0.016002 0.026439
0 0.674322 0.685576 0.015060 0.016399
0 0.686370 0.728079 0.017319 0.025770
0 0.862858 0.676539 0.027673 0.035810
0 0.950489 0.507530 0.020331 0.036479
0 0.895614 0.510207 0.024661 0.012383
0 0.867752 0.422523 0.018637 0.027778
0 0.688912 0.519411 0.013742 0.026774
0 0.678558 0.436580 0.014119 0.030455
0 0.679311 0.363286 0.014119 0.027108
0 0.742846 0.368809 0.007907 0.034137
0 0.666227 0.274933 0.018825 0.021084
0 0.591397 0.121151 0.012989 0.027443
0 0.545745 0.050703 0.013178 0.022423
0 0.454255 0.156794 0.009036 0.029116
0 0.400885 0.164826 0.007718 0.021754
0 0.334996 0.185241 0.012989 0.025770
0 0.149379 0.375502 0.007718 0.010040
0 0.128953 0.379016 0.009413 0.013722
0 0.464044 0.533635 0.007154 0.029786
0 0.454349 0.461847 0.006589 0.025435
