0 0.827206 0.540016 0.028595 0.026541
0 0.965686 0.658636 0.025327 0.028583
0 0.972631 0.804002 0.053922 0.052266
0 0.862337 0.890976 0.026144 0.034300
0 0.766953 0.937117 0.064134 0.041650
0 0.549224 0.849939 0.042075 0.023275
0 0.063521 0.935280 0.053513 0.019192
0 0.391953 0.711719 0.045343 0.019600
0 0.545547 0.672111 0.063317 0.017150
0 0.606005 0.617395 0.037173 0.041650
0 0.623775 0.541445 0.040033 0.030216
0 0.732230 0.524091 0.020833 0.043691
0 0.745711 0.485913 0.030637 0.030216
0 0.704657 0.452430 0.036765 0.029400
0 0.655637 0.477746 0.036765 0.011433
0 0.622958 0.440180 0.052288 0.039200
0 0.462214 0.498163 0.044526 0.049816
0 0.505719 0.187015 0.017974 0.045733
0 0.612745 0.125766 0.032680 0.044916
0 0.196691 0.217844 0.037990 0.027358
0 0.066381 0.172724 0.040441 0.013067
0 0.284926 0.086362 0.042075 0.023275
0 0.328227 0.040016 0.018382 0.047366
0 0.688930 0.464271 0.032271 0.013067
0 0.886642 0.938342 0.042075 0.063699
