0 0.560229 0.288689 0.090649 0.093099
0 0.808289 0.974071 0.044508 0.051041
0 0.701102 0.572887 0.046550 0.033483
0 0.587178 0.569416 0.023683 0.036341
0 0.672724 0.346876 0.055941 0.067374
0 0.627603 0.272356 0.010617 0.022866
0 0.628216 0.227031 0.034708 0.044100
0 0.469171 0.049612 0.037566 0.034708
0 0.498163 0.041650 0.025316 0.020416
0 0.587587 0.130666 0.014700 0.026950
0 0.602695 0.159657 0.018783 0.039200
0 0.817272 0.694978 0.055941 0.044100
0 0.631074 0.924051 0.024091 0.056350
0 0.639445 0.968150 0.009800 0.016333
0 0.827685 0.866068 0.027766 0.031850
0 0.768069 0.739077 0.033483 0.057983
0 0.616782 0.762148 0.026541 0.035525
0 0.504696 0.717844 0.007350 0.008167
0 0.718457 0.667824 0.017558 0.025725
0 0.621274 0.617191 0.008575 0.009392
0 0.552879 0.452634 0.024500 0.041241
0 0.709269 0.528175 0.045733 0.072274
0 0.700694 0.463863 0.023683 0.019600
0 0.638016 0.386076 0.019192 0.020008
0 0.546958 0.338710 0.031441 0.042058
0 0.636791 0.209065 0.024908 0.042466
0 0.559616 0.224377 0.021641 0.020825
0 0.515312 0.174153 0.013883 0.023275
0 0.571458 0.135974 0.014292 0.020416
0 0.556962 0.091670 0.016333 0.032258
0 0.582483 0.033279 0.023275 0.013475
0 0.476929 0.003879 0.017150 0.003675
0 0.478563 0.011637 0.013883 0.008575
0 0.616578 0.261331 0.010617 0.006533
0 0.626991 0.679461 0.027358 0.057166
