0 0.365124 0.676198 0.087603 0.078347
0 0.591736 0.680331 0.087934 0.083306
0 0.543967 0.482479 0.032066 0.019504
0 0.501157 0.468760 0.022479 0.009256
0 0.312562 0.390248 0.027438 0.026116
0 0.315372 0.353388 0.030413 0.017190
0 0.102314 0.387273 0.043967 0.014876
0 0.037190 0.436694 0.022149 0.024463
0 0.311074 0.664463 0.024463 0.013884
0 0.758017 0.658512 0.018512 0.025785
0 0.774876 0.602810 0.019174 0.012893
0 0.939669 0.953223 0.032066 0.029421
0 0.820165 0.866612 0.028430 0.044628
0 0.504298 0.517686 0.007603 0.017851
0 0.523306 0.519504 0.009256 0.013554
0 0.497521 0.418843 0.015868 0.009256
0 0.789091 0.446116 0.027107 0.008264
0 0.346777 0.544463 0.012562 0.012562
