0 0.109886 0.178236 0.056373 0.082891
0 0.104779 0.433646 0.173611 0.118416
0 0.427696 0.646182 0.352941 0.679869
0 0.956904 0.954471 0.085376 0.089424
0 0.727328 0.899959 0.028186 0.051450
0 0.664420 0.867905 0.012663 0.018375
0 0.105392 0.811352 0.060458 0.089833
0 0.158292 0.941609 0.024918 0.031033
0 0.557394 0.118620 0.877042 0.237240
0 0.110703 0.096774 0.058007 0.091466
0 0.060662 0.163740 0.054330 0.056350
0 0.061887 0.201715 0.064951 0.036750
0 0.015523 0.168232 0.025327 0.013067
0 0.015931 0.181911 0.030229 0.021641
