0 0.536969 0.622499 0.220997 0.180073
0 0.261438 0.653736 0.177288 0.133116
0 0.408905 0.480196 0.200163 0.190282
0 0.069240 0.575541 0.137663 0.177624
0 0.058211 0.199673 0.116422 0.148632
0 0.173815 0.925480 0.265114 0.146590
0 0.290237 0.786852 0.123775 0.115149
0 0.348652 0.253981 0.113154 0.138016
0 0.665033 0.967129 0.068627 0.064924
0 0.612337 0.874847 0.078431 0.064924
0 0.027369 0.082891 0.052288 0.097183
0 0.273284 0.560229 0.115196 0.074316
0 0.153595 0.547162 0.122549 0.121682
0 0.150940 0.463454 0.046160 0.052266
0 0.047590 0.699061 0.057598 0.060433
0 0.661969 0.514700 0.073121 0.075541
0 0.560458 0.517762 0.096405 0.048183
