0 0.765060 0.512048 0.288404 0.514056
0 0.669051 0.166667 0.078313 0.120482
0 0.290286 0.387550 0.043675 0.104418
0 0.185617 0.435743 0.034639 0.091031
0 0.090832 0.734605 0.044239 0.027443
0 0.166792 0.743307 0.026732 0.029451
0 0.208302 0.714357 0.017508 0.055221
0 0.242282 0.658635 0.026355 0.033467
0 0.280309 0.687249 0.018449 0.037818
0 0.296593 0.698293 0.008095 0.011714
0 0.214420 0.677209 0.007907 0.013722
0 0.173381 0.532965 0.024096 0.019746
0 0.216114 0.434906 0.010542 0.012383
0 0.339138 0.628849 0.005459 0.011379
0 0.597233 0.220884 0.018637 0.032129
