0 0.458020 0.372490 0.135542 0.204819
0 0.545275 0.113286 0.043110 0.059237
0 0.524473 0.589190 0.084337 0.209170
0 0.764307 0.388889 0.042169 0.111111
0 0.271273 0.511881 0.030120 0.055890
0 0.720162 0.936412 0.012613 0.040830
0 0.476468 0.976071 0.024849 0.047189
0 0.050075 0.726238 0.005271 0.015395
0 0.131024 0.851071 0.012048 0.042838
0 0.308358 0.735944 0.019202 0.042838
0 0.328690 0.744143 0.006024 0.023092
0 0.342997 0.690763 0.007154 0.014056
0 0.618882 0.136044 0.057417 0.102744
0 0.635166 0.940596 0.061370 0.117470
0 0.591867 0.969880 0.016943 0.027443
0 0.734940 0.254853 0.100527 0.171687
0 0.772590 0.088688 0.004518 0.030120
0 0.729198 0.034973 0.018261 0.035810
0 0.748870 0.066600 0.025979 0.042169
0 0.799228 0.137550 0.009601 0.022758
0 0.731269 0.083668 0.029179 0.065596
0 0.772873 0.047356 0.036709 0.031794
0 0.992941 0.797021 0.013366 0.027778
