0 0.524714 0.556758 0.072304 0.028175
0 0.507761 0.963250 0.027778 0.031850
0 0.479779 0.715802 0.042075 0.020416
0 0.275531 0.439363 0.038807 0.033483
0 0.253268 0.233156 0.022876 0.015517
0 0.227737 0.247652 0.015931 0.009392
0 0.536560 0.509187 0.025735 0.013067
0 0.509600 0.510004 0.024101 0.015517
0 0.502655 0.524091 0.016748 0.013475
0 0.611111 0.528175 0.019608 0.014292
0 0.628472 0.458555 0.060866 0.041650
0 0.683824 0.483667 0.085784 0.011025
0 0.779003 0.585137 0.016340 0.022050
0 0.887663 0.604941 0.010621 0.007758
0 0.402574 0.938955 0.034722 0.032258
0 0.314542 0.932830 0.021242 0.029808
0 0.287582 0.990813 0.031046 0.009392
0 0.182190 0.251123 0.016340 0.008983
0 0.265727 0.066558 0.008578 0.008167
0 0.450980 0.474071 0.011438 0.004900
0 0.454044 0.657207 0.010212 0.010208
0 0.312296 0.377909 0.009395 0.006125
