0 0.435866 0.771131 0.120915 0.111474
0 0.608456 0.912822 0.226716 0.173540
0 0.800654 0.975296 0.143791 0.048591
0 0.324142 0.923234 0.064951 0.055533
0 0.433824 0.975296 0.032680 0.047775
0 0.289828 0.637811 0.053513 0.095549
0 0.950163 0.945080 0.052288 0.058391
0 0.560049 0.428542 0.017157 0.014292
0 0.021855 0.280523 0.020016 0.017967
0 0.330678 0.472234 0.019199 0.016742
0 0.380719 0.871989 0.039216 0.045325
0 0.321691 0.871376 0.041258 0.045733
0 0.898080 0.967742 0.029003 0.062883
0 0.005923 0.154757 0.011029 0.016333
