0 0.592116 0.505308 0.040441 0.032258
0 0.179739 0.581666 0.044935 0.025725
0 0.571691 0.604941 0.029820 0.022458
0 0.359681 0.535116 0.019199 0.015925
0 0.308211 0.629645 0.022467 0.016333
0 0.336601 0.642507 0.005719 0.021641
0 0.466299 0.550020 0.016748 0.010617
0 0.512663 0.598408 0.029412 0.020008
0 0.542075 0.571254 0.028595 0.017967
0 0.577819 0.580849 0.024918 0.024091
0 0.513072 0.552879 0.010621 0.013883
0 0.633170 0.673336 0.013072 0.010617
0 0.060049 0.675990 0.053105 0.051041
0 0.355801 0.274602 0.008987 0.006942
0 0.391953 0.298489 0.012663 0.015517
0 0.509804 0.225602 0.026961 0.011842
0 0.607639 0.261944 0.029820 0.024091
0 0.882557 0.287056 0.074755 0.038383
0 0.784722 0.259085 0.035948 0.028175
0 0.783701 0.239486 0.020016 0.007758
0 0.901348 0.153940 0.028186 0.016333
0 0.565768 0.875459 0.008987 0.006533
0 0.879289 0.553083 0.007761 0.026541
0 0.994690 0.555941 0.008987 0.043691
0 0.947508 0.537771 0.011029 0.013883
0 0.719771 0.509800 0.022059 0.013475
0 0.521446 0.246835 0.013480 0.005308
0 0.437500 0.211311 0.036765 0.031441
