0 0.603636 0.383802 0.047603 0.037025
0 0.730248 0.401322 0.078678 0.018512
0 0.580661 0.443636 0.053884 0.023140
0 0.645785 0.464628 0.045289 0.018843
0 0.697025 0.457686 0.023471 0.010248
0 0.672397 0.627769 0.039008 0.042314
0 0.520826 0.615372 0.028099 0.053223
0 0.531240 0.872727 0.078678 0.044298
0 0.208595 0.614215 0.058843 0.027769
0 0.143967 0.518017 0.030083 0.062149
0 0.021322 0.356860 0.035372 0.018843
0 0.821818 0.917521 0.048926 0.034050
0 0.839008 0.489917 0.102479 0.133554
0 0.359339 0.428430 0.035041 0.011901
