0 0.402014 0.627677 0.044239 0.189090
0 0.345538 0.715863 0.034450 0.072959
0 0.290380 0.628347 0.029179 0.130187
0 0.648532 0.447456 0.051958 0.088353
0 0.690889 0.076640 0.132530 0.153280
0 0.800452 0.189759 0.102786 0.135207
0 0.766472 0.264558 0.084149 0.090696
0 0.782003 0.373829 0.108057 0.142570
0 0.794522 0.477410 0.043863 0.073963
0 0.363046 0.417001 0.025791 0.046854
0 0.336596 0.444277 0.041039 0.126171
0 0.631401 0.302209 0.030120 0.038153
0 0.971197 0.284639 0.056476 0.250669
0 0.415098 0.309572 0.026732 0.110442
0 0.406156 0.107932 0.028803 0.135542
0 0.312500 0.606091 0.025226 0.091700
