0 0.140370 0.547797 0.084577 0.091329
0 0.119936 0.638948 0.062189 0.095949
0 0.102523 0.739517 0.068586 0.110163
0 0.194563 0.716063 0.082800 0.169865
0 0.216418 0.600036 0.079602 0.097726
0 0.305615 0.535537 0.072495 0.098081
0 0.283582 0.619758 0.063255 0.081734
0 0.274698 0.691898 0.066809 0.078181
0 0.297264 0.786247 0.101279 0.083511
0 0.331734 0.697584 0.059346 0.077470
0 0.389303 0.677505 0.061478 0.075693
0 0.342751 0.622601 0.065032 0.080313
0 0.372601 0.544421 0.060057 0.078181
0 0.406361 0.608387 0.060768 0.074627
0 0.411158 0.764570 0.097370 0.077114
0 0.512082 0.768124 0.093817 0.076404
0 0.465885 0.682125 0.073205 0.097015
0 0.465529 0.595593 0.061834 0.076048
0 0.457889 0.521855 0.057214 0.081379
0 0.540867 0.488984 0.053305 0.086709
0 0.537669 0.574805 0.055437 0.080668
0 0.538913 0.670043 0.072850 0.093461
0 0.600391 0.665423 0.074271 0.097015
0 0.639481 0.746091 0.100569 0.072139
0 0.761905 0.739872 0.098081 0.107321
0 0.878643 0.671642 0.065032 0.112296
0 0.685501 0.666844 0.079602 0.101990
0 0.610874 0.563611 0.059701 0.077470
0 0.611585 0.486141 0.056859 0.074627
0 0.684257 0.486851 0.055792 0.086709
0 0.688877 0.560235 0.062189 0.082090
0 0.767413 0.508351 0.103412 0.058635
0 0.859453 0.534826 0.057925 0.101635
0 0.821073 0.588131 0.087065 0.098792
0 0.780739 0.669865 0.066809 0.082445
0 0.091329 0.366205 0.055437 0.052239
