0 0.347966 0.865609 0.179563 0.071907
0 0.562624 0.718448 0.089038 0.055790
0 0.470238 0.716092 0.096726 0.064468
0 0.927703 0.658691 0.051835 0.042896
0 0.367808 0.721795 0.108631 0.101661
0 0.359623 0.635755 0.112103 0.074386
0 0.872272 0.626457 0.061012 0.030002
0 0.866319 0.667989 0.085813 0.079841
0 0.809152 0.574262 0.065228 0.032234
0 0.524926 0.493925 0.022073 0.010910
0 0.045759 0.922142 0.091022 0.101661
0 0.024678 0.646169 0.047867 0.049095
0 0.298115 0.700843 0.038690 0.039921
0 0.069692 0.504215 0.027282 0.015621
0 0.066220 0.490578 0.024802 0.012646
0 0.496404 0.648773 0.067212 0.041904
0 0.696553 0.707786 0.287946 0.065708
0 0.034102 0.474833 0.039435 0.072403
0 0.035838 0.432556 0.070685 0.030002
