0 0.733303 0.469158 0.087316 0.126225
0 0.817402 0.500000 0.120098 0.192810
0 0.735600 0.302900 0.095588 0.171977
0 0.146140 0.279616 0.139706 0.207108
0 0.656403 0.290441 0.107537 0.234477
0 0.591146 0.315564 0.112439 0.232435
0 0.524050 0.322508 0.108150 0.202206
0 0.398284 0.294730 0.144608 0.198938
0 0.279412 0.286765 0.091912 0.240196
0 0.677237 0.511029 0.087929 0.170752
0 0.600643 0.515114 0.062194 0.116013
0 0.519761 0.529208 0.071385 0.176062
0 0.440104 0.498979 0.070772 0.228350
0 0.341452 0.520833 0.112439 0.257353
0 0.234988 0.575368 0.108456 0.303513
0 0.125766 0.524510 0.103860 0.267157
0 0.738664 0.052696 0.522059 0.089869
