0 0.781250 0.875817 0.275735 0.048203
0 0.797181 0.688725 0.257966 0.187908
0 0.704657 0.398284 0.227941 0.218137
0 0.636795 0.527574 0.242953 0.167075
0 0.562500 0.771038 0.096201 0.082108
0 0.557751 0.669730 0.193321 0.122958
0 0.453278 0.831904 0.130821 0.130310
0 0.350643 0.952410 0.161458 0.094363
0 0.294884 0.826593 0.158395 0.186683
0 0.371477 0.692606 0.151042 0.115605
0 0.198070 0.657271 0.188419 0.147876
0 0.281863 0.491422 0.405637 0.249183
0 0.052237 0.488358 0.104473 0.154820
0 0.094363 0.246732 0.143995 0.144608
0 0.330729 0.306781 0.339767 0.142974
0 0.461550 0.136234 0.382659 0.272467
0 0.168658 0.112132 0.299326 0.224265
0 0.514553 0.380515 0.193321 0.127859
