0 0.310096 0.167468 0.084615 0.118910
0 0.327524 0.428686 0.057452 0.041346
0 0.399279 0.658013 0.058173 0.092949
0 0.489663 0.836699 0.112019 0.147115
0 0.541346 0.925641 0.035096 0.050000
0 0.402404 0.891346 0.027404 0.041026
0 0.617188 0.966667 0.033413 0.050641
0 0.697716 0.827083 0.045913 0.054808
0 0.614062 0.778526 0.048798 0.057051
0 0.718269 0.605769 0.049519 0.104487
0 0.496514 0.621474 0.037260 0.048718
0 0.495312 0.448878 0.034375 0.062500
0 0.553606 0.334936 0.082692 0.106410
0 0.610938 0.316987 0.027163 0.051282
0 0.607091 0.121474 0.095433 0.126282
0 0.797476 0.261058 0.133413 0.204808
0 0.755529 0.418269 0.099038 0.080769
0 0.486418 0.245513 0.057452 0.072436
0 0.125601 0.328686 0.105048 0.091346
0 0.558293 0.579647 0.061779 0.073397
0 0.092909 0.824840 0.184375 0.349679
