0 0.922596 0.336538 0.154327 0.271154
0 0.889183 0.536538 0.100000 0.104487
0 0.223317 0.708173 0.056731 0.075962
0 0.081611 0.448558 0.043510 0.089423
0 0.125841 0.666506 0.043990 0.054808
0 0.315986 0.447756 0.048798 0.069231
0 0.510096 0.174840 0.080288 0.097756
0 0.702404 0.014263 0.030288 0.028526
0 0.560216 0.377244 0.038702 0.019231
0 0.568990 0.271474 0.014904 0.019231
0 0.518389 0.297115 0.011298 0.016667
0 0.974880 0.090224 0.037740 0.031090
0 0.563942 0.703846 0.023558 0.017308
0 0.342067 0.786699 0.007212 0.017628
0 0.881010 0.667468 0.010577 0.018910
