0 0.747716 0.760897 0.148798 0.226282
0 0.652043 0.704167 0.067548 0.094231
0 0.851683 0.638462 0.187500 0.165385
0 0.895913 0.520673 0.071154 0.072115
0 0.898558 0.186699 0.031731 0.043269
0 0.784615 0.341186 0.160577 0.381731
0 0.637620 0.197917 0.063702 0.196474
0 0.432692 0.537660 0.119712 0.176603
0 0.453125 0.309615 0.122596 0.119872
0 0.372837 0.391667 0.114423 0.256410
0 0.317308 0.329968 0.130288 0.292628
0 0.432572 0.647276 0.066106 0.135577
0 0.331731 0.534615 0.050481 0.075641
0 0.949760 0.666827 0.042788 0.038141
0 0.601683 0.222596 0.037500 0.071474
