0 0.741827 0.250481 0.061058 0.250321
0 0.942788 0.291506 0.026923 0.052885
0 0.747716 0.665385 0.111779 0.045513
0 0.709976 0.451923 0.027163 0.041667
0 0.613221 0.091987 0.020673 0.028205
0 0.534014 0.468750 0.060817 0.098397
0 0.478486 0.364263 0.074760 0.127885
0 0.307933 0.453526 0.103365 0.119231
0 0.485457 0.821474 0.087740 0.059615
0 0.778005 0.725801 0.035817 0.048397
0 0.305288 0.690545 0.006731 0.024038
0 0.127644 0.908013 0.010096 0.016667
0 0.593269 0.095994 0.022596 0.039423
0 0.626202 0.591987 0.033654 0.060897
0 0.417788 0.375481 0.026923 0.043910
0 0.273317 0.133814 0.013942 0.016346
0 0.420913 0.594391 0.079808 0.104167
