0 0.496514 0.425481 0.203125 0.268910
0 0.691947 0.711859 0.097837 0.194231
0 0.896274 0.675641 0.033413 0.039103
0 0.912260 0.495833 0.048077 0.055769
0 0.659856 0.328205 0.046154 0.035256
0 0.677885 0.357853 0.027885 0.036218
0 0.625000 0.438942 0.014423 0.036859
0 0.630409 0.639263 0.022837 0.022115
0 0.566707 0.240385 0.034856 0.045513
0 0.405889 0.200641 0.023317 0.033974
0 0.209615 0.275481 0.068269 0.241987
0 0.357692 0.330288 0.043269 0.080449
0 0.450361 0.788462 0.048798 0.080769
0 0.179808 0.839103 0.045673 0.111538
0 0.515865 0.027404 0.040385 0.037500
