0 0.356130 0.395994 0.103606 0.122115
0 0.240144 0.608974 0.073077 0.087821
0 0.169712 0.741186 0.184135 0.221474
0 0.393630 0.775481 0.088702 0.131090
0 0.450120 0.841186 0.068990 0.175321
0 0.390745 0.563301 0.068510 0.132372
0 0.549519 0.437179 0.065865 0.088462
0 0.622596 0.505288 0.027885 0.040705
0 0.594111 0.725641 0.058894 0.085897
0 0.701803 0.125160 0.124760 0.181731
0 0.585697 0.167147 0.061779 0.088782
0 0.746875 0.374519 0.108173 0.239423
0 0.566346 0.580128 0.017308 0.023718
0 0.453486 0.385897 0.006971 0.017308
0 0.549159 0.501122 0.041587 0.050321
