0 0.254327 0.270192 0.033173 0.030769
0 0.707212 0.531090 0.178846 0.353205
0 0.624880 0.144231 0.087740 0.101282
0 0.459255 0.058654 0.053606 0.082051
0 0.438462 0.199038 0.027885 0.035256
0 0.565024 0.713942 0.054567 0.058013
0 0.796154 0.859936 0.059615 0.072436
0 0.236538 0.251603 0.021635 0.026923
0 0.722115 0.782532 0.028846 0.026603
0 0.797476 0.793109 0.028606 0.034936
0 0.806971 0.763622 0.022115 0.024679
0 0.432212 0.039744 0.023558 0.033333
0 0.581130 0.358814 0.034375 0.038141
0 0.580409 0.505769 0.058894 0.055128
0 0.583293 0.620994 0.017548 0.022756
0 0.553486 0.640224 0.019471 0.040705
