0 0.161899 0.663301 0.128125 0.243910
0 0.363702 0.719391 0.033654 0.047115
0 0.408774 0.870673 0.031010 0.070192
0 0.383774 0.656571 0.088702 0.126603
0 0.321635 0.481571 0.111058 0.266987
0 0.500601 0.594712 0.054567 0.066987
0 0.597716 0.574840 0.039663 0.052885
0 0.783053 0.599199 0.104567 0.125962
0 0.773798 0.863301 0.064423 0.100321
0 0.539062 0.377404 0.065144 0.083654
0 0.677163 0.373237 0.041827 0.048397
0 0.695072 0.462660 0.072837 0.105449
0 0.471755 0.234776 0.079087 0.116987
0 0.528846 0.755929 0.038462 0.041346
