0 0.347356 0.247596 0.238942 0.181731
0 0.536058 0.131731 0.087019 0.109615
0 0.496635 0.329006 0.029327 0.038141
0 0.460216 0.461538 0.061779 0.126282
0 0.389303 0.567788 0.126683 0.109936
0 0.129688 0.412981 0.057933 0.139423
0 0.731370 0.670032 0.353606 0.331731
0 0.455889 0.772115 0.059856 0.120513
0 0.545913 0.905929 0.044712 0.060577
0 0.248317 0.540224 0.032692 0.022756
0 0.648077 0.357692 0.056731 0.067308
0 0.598558 0.341827 0.021154 0.028526
0 0.414904 0.421314 0.048558 0.044551
0 0.499038 0.641506 0.098558 0.229808
0 0.047236 0.438622 0.019471 0.026603
0 0.219351 0.428686 0.020913 0.038782
0 0.246514 0.381250 0.045433 0.049679
0 0.287380 0.325000 0.023798 0.062179
0 0.824159 0.079327 0.031971 0.059295
