0 0.823798 0.867788 0.159615 0.225962
0 0.761178 0.633173 0.141587 0.268910
0 0.634495 0.217147 0.195433 0.098397
0 0.743510 0.055128 0.078365 0.110256
0 0.438822 0.042147 0.117067 0.084295
0 0.387861 0.181250 0.116106 0.183654
0 0.180649 0.232212 0.174760 0.254808
0 0.429808 0.427564 0.389423 0.295513
0 0.387740 0.649679 0.112981 0.160897
0 0.509856 0.783333 0.144712 0.126282
0 0.573798 0.916346 0.088942 0.166667
0 0.511298 0.915224 0.108654 0.168910
0 0.358894 0.894391 0.058173 0.110577
0 0.178125 0.825160 0.058173 0.129167
0 0.236418 0.839904 0.041106 0.043910
0 0.282813 0.749199 0.135337 0.157372
