0 0.603966 0.215705 0.095433 0.173718
0 0.873798 0.028846 0.039423 0.050641
0 0.869471 0.372276 0.080769 0.083654
0 0.815264 0.606891 0.085337 0.048397
0 0.465385 0.850481 0.175000 0.254808
0 0.409615 0.390064 0.190865 0.282692
0 0.319351 0.111699 0.045913 0.149679
0 0.252644 0.651442 0.093750 0.127244
0 0.514784 0.764263 0.123317 0.470833
0 0.584495 0.512821 0.028606 0.042308
0 0.205288 0.113622 0.045673 0.054808
0 0.362260 0.603846 0.112981 0.135897
0 0.574279 0.600481 0.087981 0.111218
0 0.332332 0.944551 0.013702 0.109615
