0 0.299159 0.518429 0.110817 0.140705
0 0.160457 0.631731 0.129567 0.193590
0 0.140625 0.328846 0.066827 0.077564
0 0.320913 0.211538 0.097115 0.144872
0 0.508534 0.019872 0.093990 0.039744
0 0.530409 0.200000 0.131490 0.163462
0 0.718870 0.313141 0.137740 0.221795
0 0.752885 0.469551 0.171154 0.182692
0 0.800841 0.752724 0.310817 0.234936
0 0.525601 0.601282 0.113221 0.187821
0 0.567187 0.723237 0.079087 0.111859
0 0.416346 0.579487 0.030288 0.051923
0 0.415385 0.813782 0.058173 0.104487
0 0.983894 0.293590 0.031731 0.057051
0 0.514784 0.397596 0.101683 0.103526
0 0.606010 0.174840 0.074038 0.109295
