0 0.284615 0.282853 0.156250 0.229808
0 0.159976 0.429167 0.094471 0.133333
0 0.282091 0.561378 0.076683 0.201603
0 0.147596 0.826122 0.107212 0.184936
0 0.431731 0.828045 0.245673 0.247115
0 0.510216 0.662340 0.043510 0.141987
0 0.623678 0.493109 0.159856 0.356731
0 0.661779 0.695994 0.071154 0.184936
0 0.578245 0.779167 0.069952 0.076282
0 0.826442 0.352083 0.221154 0.136218
0 0.558534 0.033814 0.051202 0.067628
0 0.441466 0.149519 0.113221 0.299038
0 0.419712 0.349038 0.049519 0.080769
0 0.535337 0.396635 0.137981 0.132372
0 0.408053 0.425962 0.031010 0.021795
0 0.235216 0.630128 0.056010 0.101282
0 0.555048 0.908333 0.065865 0.099359
0 0.878125 0.990064 0.075962 0.018590
