0 0.334375 0.155288 0.237981 0.228526
0 0.565385 0.234936 0.082212 0.235897
0 0.521755 0.413782 0.082452 0.180128
0 0.609375 0.773718 0.099038 0.171154
0 0.520793 0.793429 0.053606 0.164423
0 0.351202 0.508974 0.071635 0.109615
0 0.690745 0.245994 0.042548 0.056731
0 0.771394 0.428205 0.039423 0.051282
0 0.728846 0.611218 0.254808 0.244872
0 0.095072 0.073237 0.103125 0.039423
0 0.110577 0.017628 0.027885 0.035256
0 0.012260 0.310737 0.024038 0.052244
0 0.069591 0.378205 0.016587 0.012821
0 0.408413 0.517628 0.086058 0.091026
