0 0.432933 0.509295 0.072115 0.145513
0 0.330168 0.177083 0.094952 0.177885
0 0.356851 0.261538 0.049279 0.030769
0 0.747957 0.550000 0.118029 0.158333
0 0.684255 0.506891 0.119471 0.104167
0 0.858293 0.854487 0.044952 0.044872
0 0.939784 0.144872 0.043990 0.061538
0 0.406851 0.077724 0.063702 0.080449
0 0.198437 0.530449 0.017067 0.029487
0 0.659495 0.334295 0.032933 0.047436
0 0.087500 0.782692 0.024038 0.028205
0 0.501082 0.174519 0.027644 0.043910
0 0.473918 0.598397 0.024760 0.155128
0 0.554207 0.550481 0.022356 0.033654
