0 0.292187 0.387019 0.109375 0.232372
0 0.312260 0.527083 0.046154 0.047756
0 0.282572 0.800481 0.073317 0.168269
0 0.412981 0.618590 0.036058 0.070513
0 0.458053 0.526442 0.049279 0.043269
0 0.445673 0.854327 0.055769 0.074038
0 0.607091 0.823718 0.075721 0.051282
0 0.662380 0.637019 0.078125 0.065705
0 0.863702 0.568109 0.151442 0.110577
0 0.679207 0.187500 0.073317 0.083333
0 0.453606 0.123878 0.062019 0.141987
0 0.568029 0.016026 0.057692 0.032051
0 0.456250 0.260417 0.055288 0.040064
0 0.500721 0.208333 0.024038 0.108974
0 0.507933 0.323718 0.031250 0.035256
